Zero Pos (0 0 0)

     1     0     0   100
     0     0     1     0
     0    -1     0   195
     0     0     0     1

Calibration Pos (-89 87.1 33.5)

   -0.0089   -0.0150    0.9998    0.8546
    0.5090    0.8606    0.0175  -48.9603
   -0.8607    0.5090         0   13.9851
         0         0         0    1.0000

Random Position 1 (40 60 -10)

    0.4924   -0.5868   -0.6428  115.5818
    0.4132   -0.4924    0.7660   96.9846
   -0.7660   -0.6428         0   68.3956
         0         0         0    1.0000

Random Position 2 (10 30 10)

    0.7544   -0.6330   -0.1736  124.6810
    0.1330   -0.1116    0.9848   21.9846
   -0.6428   -0.7660         0  117.3238
         0         0         0    1.0000
