Position 1
Joint Values: 40 60 -10
Setpoint FK
    0.4924   -0.5868   -0.6428  115.5818
    0.4132   -0.4924    0.7660   96.9846
   -0.7660   -0.6428         0   68.3956
         0         0         0    1.0000

Position 2
Joint Values: 10 30 10
Setpoint FK
    0.7544   -0.6330   -0.1736  124.6810
    0.1330   -0.1116    0.9848   21.9846
   -0.6428   -0.7660         0  117.3238
         0         0         0    1.0000

Position 3
Joint Values: 69 30 22
Setpoint FK
    0.2206   -0.2824   -0.9336   39.9817
    0.5748   -0.7357    0.3584  104.1560
   -0.7880   -0.6157         0  102.8015
         0         0         0    1.0000


Position 4
Joint Values: 49 18 29
Setpoint FK
    0.4474   -0.4798   -0.7547   65.0165
    0.5147   -0.5520    0.6561   74.7929
   -0.7314   -0.6820         0  116.9703
         0         0         0    1.0000


Position 5
Joint Values: 32 77 10
Setpoint FK
    0.0444   -0.8469   -0.5299   87.0696
    0.0277   -0.5292    0.8480   54.4071
   -0.9986   -0.0523         0   17.6322
         0         0         0    1.0000


